9 13
z
x2
s8
s1
x1
x3
s6
s7
s5
z
x1
x2
x3
s1
s2
s3
s4
s5
s6
s7
s8
rhs
1.0 0.0 0.0 0.0 0.0 0.40740740740740744 0.16931216931216925 0.047619047619047616 0.0 0.0 0.0 0.0 26.999999999999996 
0.0 0.0 1.0 0.0 0.0 -0.03703703703703703 0.10582010582010581 -0.09523809523809522 0.0 0.0 0.0 0.0 2.0 
0.0 0.0 0.0 0.0 0.0 0.5555555555555556 -0.15873015873015878 0.14285714285714277 0.0 0.0 0.0 1.0 14.999999999999998 
0.0 0.0 0.0 0.0 1.0 -1.1111111111111112 1.7460317460317463 -1.5714285714285714 0.0 0.0 0.0 0.0 6.203150867746907E-15 
0.0 1.0 0.0 0.0 0.0 0.03703703703703705 -0.05820105820105822 -0.0476190476190476 0.0 0.0 0.0 0.0 1.9999999999999998 
0.0 0.0 0.0 1.0 0.0 0.14814814814814814 0.005291005291005272 0.09523809523809522 0.0 0.0 0.0 0.0 6.999999999999999 
0.0 0.0 0.0 0.0 0.0 0.6666666666666667 -0.4761904761904764 1.4285714285714284 0.0 1.0 0.0 0.0 30.0 
0.0 0.0 0.0 0.0 0.0 0.8888888888888891 -0.8253968253968257 1.1428571428571428 0.0 0.0 1.0 0.0 23.999999999999996 
0.0 0.0 0.0 0.0 0.0 0.0 0.7142857142857143 -0.1428571428571429 1.0 0.0 0.0 0.0 15.0 
