8 24
z
x12
x24
x35
x11
x31
x23
x33
z
x11
x12
x13
x14
x15
x21
x22
x23
x24
x25
x31
x32
x33
x34
x35
a1
a2
a3
a4
a5
a6
a7
rhs
1.0 0.0 0.0 0.0 0.0 0.0 0.0 0.0 0.0 0.0 0.0 0.0 0.0 0.0 0.0 0.0 1.0 1.0 1.0 1.0 1.0 1.0 1.0 0.0 
0.0 0.0 1.0 0.0 0.0 0.0 0.0 1.0 0.0 0.0 0.0 0.0 1.0 0.0 0.0 0.0 0.0 0.0 0.0 0.0 1.0 0.0 0.0 6.0 
0.0 0.0 0.0 0.0 1.0 0.0 0.0 0.0 0.0 1.0 0.0 0.0 0.0 0.0 1.0 0.0 0.0 0.0 0.0 0.0 0.0 0.0 1.0 7.0 
0.0 0.0 0.0 0.0 0.0 1.0 0.0 0.0 0.0 0.0 1.0 0.0 0.0 0.0 0.0 1.0 1.0 1.0 1.0 -1.0 -1.0 -1.0 -1.0 6.0 
0.0 1.0 0.0 1.0 1.0 1.0 0.0 -1.0 0.0 0.0 0.0 0.0 -1.0 0.0 0.0 0.0 1.0 0.0 0.0 0.0 -1.0 0.0 0.0 4.0 
0.0 0.0 0.0 -1.0 -1.0 -1.0 1.0 1.0 0.0 0.0 0.0 1.0 1.0 0.0 0.0 0.0 -1.0 0.0 0.0 1.0 1.0 0.0 0.0 4.0 
0.0 0.0 0.0 0.0 -1.0 0.0 1.0 1.0 1.0 0.0 1.0 0.0 0.0 0.0 -1.0 0.0 0.0 1.0 0.0 0.0 0.0 0.0 -1.0 8.0 
0.0 0.0 0.0 1.0 1.0 0.0 -1.0 -1.0 0.0 0.0 -1.0 0.0 0.0 1.0 1.0 0.0 0.0 -1.0 0.0 0.0 0.0 1.0 1.0 2.0 
