10 18
z
r1
r2
r3
r4
r5
r6
r7
r8
r9
z
x1
x2
x3
s1
s2
s3
s4
s5
s6
s7
s8
s9
a1
a2
a3
a4
rhs
1 -1 -2 -3  0  0  0  0  0  0  0  0  0  1  1  1  1  0
0 -3 15 -3 -1  0  0  0  0  0  0  0  0  1  0  0  0  3
0  6  3  6  0  1  0  0  0  0  0  0  0  0  0  0  0  60
0 -6  6  3  0  0  1  0  0  0  0  0  0  0  0  0  0  21
0  9  5 -1  0  0  0 -1  0  0  0  0  0  0  1  0  0  21
0 -3  5  2  0  0  0  0 -1  0  0  0  0  0  0  1  0  3
0  6  8 -4  0  0  0  0  0  1  0  0  0  0  0  0  0  30
0  0  8 -4  0  0  0  0  0  0  1  0  0  0  0  0  0  12
0  3  0  3  0  0  0  0  0  0  0 -1  0  0  0  0  1  12
0  0  0  2  0  0  0  0  0  0  0  0  1  0  0  0  0  1
