10 18
z
x2
s2
s3
x1
s1
a3
s4
a4
x3
z
x1
x2
x3
s1
s2
s3
s4
s5
s6
s7
s8
s9
a1
a2
a3
a4
rhs
1.0 0.0 0.0 0.0 0.0 0.0 0.0 0.0 1.0 0.16666666666666655 0.7083333333333335 1.0 5.75 1.0 0.9999999999999999 0.0 0.0 4.25 
0.0 0.0 1.0 0.0 0.0 0.0 0.0 0.0 0.0 0.0 0.125 0.0 0.25 0.0 0.0 0.0 0.0 1.75 
0.0 0.0 0.0 0.0 0.0 1.0 0.0 0.0 0.0 -1.0 0.625 0.0 -3.750000000000001 0.0 0.0 0.0 0.0 33.75000000000001 
0.0 0.0 0.0 0.0 0.0 0.0 1.0 0.0 0.0 1.0 -1.75 0.0 -3.0000000000000004 0.0 0.0 0.0 0.0 26.999999999999996 
0.0 1.0 0.0 0.0 0.0 0.0 0.0 0.0 0.0 0.16666666666666666 -0.16666666666666663 0.0 0.0 0.0 0.0 0.0 0.0 3.0 
0.0 0.0 0.0 0.0 1.0 0.0 0.0 0.0 0.0 -0.5 2.375 0.0 2.250000000000001 -1.0 0.0 0.0 0.0 12.750000000000002 
0.0 0.0 0.0 0.0 0.0 0.0 0.0 0.0 -1.0 0.5 -1.125 0.0 -2.2500000000000004 0.0 0.0 1.0 0.0 2.2500000000000004 
0.0 0.0 0.0 0.0 0.0 0.0 0.0 1.0 0.0 1.5000000000000002 -0.875 0.0 0.7499999999999991 0.0 -1.0 0.0 0.0 14.250000000000007 
0.0 0.0 0.0 0.0 0.0 0.0 0.0 0.0 0.0 -0.5 0.4999999999999999 -1.0 -1.5 0.0 0.0 0.0 1.0 1.4999999999999987 
0.0 0.0 0.0 1.0 0.0 0.0 0.0 0.0 0.0 0.0 0.0 0.0 0.5 0.0 0.0 0.0 0.0 0.5 
